2.203883133724603977e+04
2.208276413186483114e+04
2.212490773467143299e+04
2.216358795987596022e+04
2.219719144601767766e+04
2.222421351278790098e+04
2.224329310087435078e+04
2.225323492432247076e+04
2.225302067205747881e+04
2.224181222621330380e+04
2.221895013080036006e+04
2.218395015383617647e+04
2.213650000696233474e+04
2.207645717194529425e+04
2.200384745779845980e+04
2.191886289539513018e+04
2.182185738719187066e+04
2.171333893891483967e+04
2.159395771916137528e+04
2.146448959912808641e+04
2.132581546596450426e+04
2.117889741313399281e+04
2.102475347190513639e+04
2.086443265010081086e+04
2.069899191813271682e+04
2.052947665065366164e+04
2.035690578931199343e+04
2.018226236063857141e+04
2.000648910520679783e+04
1.983048843562332331e+04
1.965512619466685646e+04
1.948123922511793717e+04
1.930964681687599295e+04
1.914116565374844140e+04
1.897662701709414614e+04
1.881689401797223036e+04
1.866287591756795882e+04
1.851553645332983433e+04
1.837589417525638419e+04
1.824501488719794361e+04
1.812399812016839132e+04
1.801396020263673563e+04
1.791601574966183762e+04
1.783125804108229204e+04
1.776073791515537596e+04
1.770544096609544431e+04
1.766626351528433952e+04
1.764398849305093972e+04
1.763926276887972199e+04
1.765257731792342020e+04
1.768425103439550003e+04
1.773441824628974427e+04
1.780301934131750386e+04
1.788979379326036724e+04
1.799427542614479171e+04
1.811579073053191678e+04
1.825346226885001306e+04
1.840622033162097432e+04
1.857282626653186526e+04
1.875190955832611508e+04
1.894201786372234710e+04
1.914167582229017717e+04
1.934944579247222646e+04
1.956398257440853922e+04
1.978407483933959156e+04
2.000866807852662168e+04
2.023686691898909339e+04
2.046791789157854873e+04
2.070117627408817862e+04
2.093606211776933560e+04
2.117201109397207256e+04
2.140842546779441545e+04
2.164462962939083081e+04
2.187983344116537410e+04
2.211310538674835334e+04
2.234335632341779274e+04
2.256933367313653434e+04
2.278962546552987624e+04
2.300267366694266821e+04
2.320679609487238122e+04
2.340021602215228268e+04
2.358109878896399459e+04
2.374759522553929492e+04
2.389789193208767028e+04
2.403026797487277872e+04
2.414315612005277944e+04
2.423520486553250521e+04
2.430533626935132634e+04
2.435279460604975247e+04
2.437718232933530817e+04
2.437848210442258278e+04
2.435706559978311270e+04
2.431369067469902075e+04
2.424948867052147398e+04
2.416594289954387932e+04
2.406485865799901512e+04
2.394832475362345576e+04
2.381866690236893555e+04
2.367839423059890032e+04
2.353014086864594719e+04
2.337660464167798636e+04
2.322048438583407915e+04
2.306441715428555108e+04
2.291091681619896190e+04
2.276231598406602643e+04
2.262071423450453585e+04
2.248793501338129136e+04
2.236549274920722746e+04
2.225457432813428750e+04
2.215603184032798526e+04
2.207038833772699945e+04
2.199785286790799728e+04
2.193834465580955293e+04
2.189152018111781217e+04
2.185680569183560510e+04
2.183342936315974657e+04
2.182045585623147781e+04
2.181682255039933807e+04
2.182137806853324946e+04
2.183292102598070778e+04
2.185023909992530025e+04
2.187214693707347760e+04
2.189751980494885720e+04
2.192532245940774737e+04
2.195463254303986105e+04
2.198465642741282863e+04
2.201473863339726086e+04
2.204436327728680044e+04
2.207314744426573088e+04
2.210082857941280236e+04
2.212724809338124760e+04
2.215233434238699556e+04
2.217609003224101616e+04
2.219858724015378175e+04
2.221997302022171061e+04
2.224048098037427553e+04
2.226044547296645396e+04
2.228031296920318709e+04
2.230064407211945218e+04
2.232210226060837886e+04
2.234542687702453622e+04
2.237139073573197311e+04
2.240074615375884241e+04
2.243416307196871639e+04
2.247216646549986035e+04
2.251507760397045058e+04
2.256296420259392835e+04
2.261560442078082997e+04
2.267246700315954149e+04
2.273271086740635656e+04
2.279520394448476509e+04
2.285856106008149436e+04
2.292119905536983060e+04
2.298140567483464474e+04
2.303741831366772385e+04
2.308750756414864372e+04
2.313005903538893836e+04
2.316365044385554938e+04
2.318711983761439114e+04
2.319962185790840158e+04
2.320066806989091492e+04
2.319015095649433715e+04
2.316834670498202831e+04
2.313589867389750725e+04
2.309378172847796304e+04
2.304325293584965766e+04
2.298579027183719882e+04
2.292302724267244412e+04
2.285668762323910414e+04
2.278852487693067451e+04
2.272027079260262690e+04
2.265359329225817055e+04
2.259006718519804417e+04
2.253115525559825983e+04
2.247819925918462104e+04
2.243241938926854709e+04
2.239491780102638586e+04
2.236668437464750969e+04
2.234860263099395524e+04
2.234145403759298642e+04
2.234591781176941367e+04
2.236256828505368685e+04
2.239187037851828427e+04
2.243417347036359206e+04
2.248970608963110135e+04
2.255856891344076212e+04
2.264072685681991425e+04
2.273599825848655382e+04
2.284404075861891033e+04
2.296433555445079401e+04
2.309617138506420451e+04
2.323863099334923754e+04
2.339058334010569524e+04
2.355068200814421652e+04
2.371737356528088640e+04
2.388891347281073467e+04
2.406338919979585626e+04
2.423874935780233864e+04
2.441283694467309033e+04
2.458342714766833888e+04
2.474827087611447860e+04
2.490514481787760451e+04
2.505191065065520525e+04
2.518658039612098219e+04
2.530738535456874160e+04
2.541284377589580254e+04
2.550182109613553621e+04
2.557357971097663903e+04
2.562781271701116202e+04
2.566465925135877114e+04
2.568469874940401132e+04
2.568892383110072842e+04
2.567869229112729590e+04
2.565566086000952419e+04
2.562170346792968121e+04
2.557882026280614809e+04
2.552904171650137141e+04
2.547433479254632402e+04
2.541651842747142291e+04
2.535719360114829033e+04
2.529769320887019785e+04
2.523905200863589198e+04
2.518199728644325660e+04
2.512695678678901459e+04
2.507408170234311183e+04
2.502328189793933780e+04
2.497427126809197580e+04
2.492662294793410547e+04
2.487982983355512260e+04
2.483337144730341606e+04
2.478677939890796188e+04
2.473969833485936397e+04
2.469193918716807093e+04
2.464351750980807265e+04
2.459467713571430068e+04
2.454589657014837940e+04
2.449787529022308445e+04
2.445150443368994092e+04
2.440781917842847542e+04
2.436793801534432350e+04
2.433299251003662721e+04
2.430405384695203611e+04
2.428206339086471417e+04
2.426777190516750488e+04
2.426169463913797154e+04
2.426408012541605058e+04
2.427489707374110003e+04
2.429383544971363153e+04
2.432032060662331787e+04
2.435353785525405328e+04
2.439246442183902764e+04
2.443590532670957327e+04
2.448253166320945820e+04
2.453092086030056453e+04
2.457959773246421173e+04
2.462707835269299540e+04
2.467191440954505742e+04
2.471273876385613403e+04
2.474830688893871411e+04
2.477753331996298220e+04
2.479951857555654351e+04
2.481356614594938219e+04
2.481918897210803698e+04
2.481610699985056999e+04
2.480423697687314052e+04
2.478367632541401326e+04
2.475468379251087754e+04
2.471765616315400257e+04
2.467310526512347860e+04
2.462163501343428288e+04
2.456391923520074124e+04
2.450068127292613644e+04
2.443267401749781493e+04
2.436066116802232864e+04
2.428540001487215341e+04
2.420762457915295818e+04
2.412803249911584135e+04
2.404727582240190895e+04
2.396595518929009995e+04
2.388461924439389259e+04
2.380376984587607149e+04
2.372387257474709986e+04
2.364537210145696372e+04
2.356871109399802663e+04
2.349434965344148804e+04
2.342278293137905712e+04
2.335455442958046842e+04
2.329026235406647538e+04
2.323055819937592969e+04
2.317614041738256856e+04
2.312774051620169121e+04
2.308610680069682712e+04
2.305198478707117101e+04
2.302609708758296983e+04
2.300912380273705276e+04
2.300168514384719310e+04
2.300432607797769742e+04
2.301750435626194303e+04
2.304158100098186333e+04
2.307681224287756049e+04
2.312334191585634107e+04
2.318119483593957921e+04
2.325026965173244753e+04
2.333033344557189048e+04
2.342101421167737135e+04
2.352179522979621470e+04
2.363200764474123571e+04
2.375082276711334634e+04
2.387724716612877819e+04
2.401011945007577015e+04
2.414811254584105700e+04
2.428973865487512012e+04
2.443336379552519065e+04
2.457722773942937783e+04
2.471947249812747032e+04
2.485817689979970601e+04
2.499139593354353565e+04
2.511720391933239807e+04
2.523373651167242133e+04
2.533923108326092915e+04
2.543206163466910584e+04
2.551076760964376081e+04
2.557407506815911984e+04
2.562091101355184946e+04
2.565041038282368390e+04
2.566191975807100243e+04
2.565499878488653485e+04
2.562942265692917499e+04
2.558518349610902078e+04
2.552249233879055464e+04
2.544177801765355980e+04
2.534368454570097674e+04
2.522906389155194483e+04
2.509896616336083389e+04
2.495462473720552953e+04
2.479743752298649633e+04
2.462894295045235049e+04
2.445079124683998089e+04
2.426471068349887719e+04
2.407246966484305813e+04
2.387583553085096719e+04
2.367653013800510598e+04
2.347618533908015888e+04
2.327629973659635652e+04
2.307819908036158085e+04
2.288300254367342859e+04
2.269159662849444430e+04
2.250461771782181677e+04
2.232244572072526353e+04
2.214520738488840652e+04
2.197279407063737381e+04
2.180489197665983011e+04
2.164102728067882344e+04
2.148062007165002797e+04
2.132304932946918052e+04
2.116771920801318629e+04
2.101412666056681701e+04
2.086192222710593342e+04
2.071095951552406768e+04
2.056132854978959222e+04
2.041337120989520918e+04
2.026767558253129391e+04
2.012505370110328658e+04
1.998650525141365506e+04
1.985317040649602859e+04
1.972627981975705552e+04
1.960710527484321938e+04
1.949691513336716162e+04
1.939693645041863419e+04
1.930832209564086952e+04
1.923212218795426088e+04
1.916925793073584646e+04
1.912049739359304658e+04
1.908643424177505221e+04
1.906746841665089960e+04
1.906379049080351251e+04
1.907536784525000257e+04
1.910193588374396131e+04
1.914299406763115257e+04
1.919781013656906725e+04
1.926543648684108121e+04
1.934474099205716993e+04
1.943445260971209063e+04
1.953322099293849169e+04
1.963968638958453448e+04
1.975255513321514809e+04
1.987067302459614439e+04
1.999309105625154552e+04
2.011911627780227718e+04
2.024834439173966530e+04
2.038067303805500342e+04
2.051629610077144753e+04
2.065568033689152799e+04
2.079952614810932573e+04
2.094871332219973556e+04
2.110423757115854460e+04
2.126714037323752200e+04
2.143843497918007415e+04
2.161903591800939830e+04
2.180969300287626174e+04
2.201093588601827651e+04
2.222302853347418568e+04
2.244593674208995435e+04
2.267930692222672587e+04
2.292245773615156213e+04
2.317438266186140754e+04
2.343376387397191866e+04
2.369899672148357058e+04
2.396822476247979648e+04
2.423938449132828100e+04
2.451025849719148027e+04
2.477853378048767991e+04
2.504186161226283730e+04
2.529791542337155261e+04
2.554443925388456410e+04
2.577928862395623219e+04
2.600046095947344293e+04
2.620611715902325523e+04
2.639459852236885126e+04
2.656444083661255354e+04
2.671438831862491497e+04
2.684340882859140038e+04
2.695070761192632926e+04
2.703574035076803193e+04
2.709822067056821834e+04
2.713812298233730326e+04
2.715567844826963483e+04
2.715136437193456368e+04
2.712588630401946284e+04
2.708015382435639913e+04
2.701524975219918269e+04
2.693239521850389792e+04
2.683291024963737073e+04
2.671817496060868143e+04
2.658959024849905836e+04
2.644854098199254440e+04
2.629636249474570650e+04
2.613431306629010214e+04
2.596355138976013404e+04
2.578512072904150773e+04
2.559993930451020424e+04
2.540879589758447037e+04
2.521235264490258123e+04
2.501115397338592447e+04
2.480564222508034436e+04
2.459617813709208349e+04
2.438306288842515278e+04
2.416656076673251300e+04
2.394691900636122227e+04
2.372438520690123187e+04
2.349921831432060208e+04
2.327169870618329878e+04
2.304213161848970412e+04
2.281084859429952121e+04
2.257820591543010232e+04
2.234457969325764861e+04
2.211035926461475174e+04
2.187593740303106097e+04
2.164169950587341373e+04
2.140801005655284098e+04
2.117520076618480016e+04
2.094355800878087030e+04
2.071331270349053739e+04
2.048463203307216827e+04
2.025761288228498961e+04
2.003227854651533198e+04
1.980857976474188399e+04
1.958640193069988527e+04
1.936557828245620112e+04
1.914590715303796969e+04
1.892717306006279250e+04
1.870916854772613442e+04
1.849171485563288297e+04
1.827468164161167806e+04
1.805800755300819583e+04
1.784171875890325828e+04
1.762594733387923407e+04
1.741094756711248920e+04
1.719711173052507365e+04
1.698498165383029846e+04
1.677525659845679547e+04
1.656879657793238584e+04
1.636662059640234475e+04
1.616990007737200358e+04
1.597994387126859328e+04
1.579817561660134197e+04
1.562610149469710814e+04
1.546527018432964906e+04
1.531722550996027348e+04
1.518345805888959148e+04
1.506535772317672308e+04
1.496417337324402797e+04
1.488098060791305943e+04
1.481665851443034990e+04
1.477187299850238560e+04
1.474706796148685316e+04
1.474246131728840737e+04
1.475804544548633021e+04
1.479359112053910576e+04
1.484865493405362940e+04
1.492258910973687853e+04
1.501455489245179342e+04
1.512353894921068968e+04
1.524837431496100362e+04
1.538776462933796574e+04
1.554031327331521788e+04
1.570455624545686806e+04
1.587899710870868876e+04
1.606214066640381861e+04
1.625252365806746457e+04
1.644874042425557127e+04
1.664946207133358621e+04
1.685344795207853895e+04
1.705954870541621494e+04
1.726670405672661946e+04
1.747393387243656980e+04
1.768032678101356942e+04
1.788502580751538699e+04
1.808721389909983918e+04
1.828610023893164907e+04
1.848090821185615277e+04
1.867086469191746801e+04
1.885519288418761789e+04
1.903310721697537156e+04
1.920381360291344754e+04
1.936651202946205740e+04
1.952040510490210363e+04
1.966471300781294485e+04
1.979869778992220017e+04
1.992169438478758821e+04
2.003315097672574120e+04
2.013267245211757108e+04
2.022006403123466225e+04
2.029537135634918013e+04
2.035890948418978587e+04
2.041127871237453292e+04
2.045336265854064186e+04
2.048630914314014444e+04
2.051149318202730865e+04
2.053046696294517096e+04
2.054489868213809677e+04
2.055650756744765749e+04
2.056699957432309748e+04
2.057800940793332120e+04
2.059105258347659401e+04
2.060748926590226256e+04
2.062850147001660662e+04
2.065508278183023140e+04
2.068803800912317092e+04
2.072799293766969640e+04
2.077540841277458821e+04
2.083059619926721280e+04
2.089373753176875107e+04
2.096489811337466745e+04
2.104404340878538278e+04
2.113105013800862071e+04
2.122571462887491361e+04
2.132775850462374001e+04
2.143683128780797779e+04
2.155251181634975001e+04
2.167430691938073869e+04
2.180164845397958925e+04
2.193388798305579621e+04
2.207028964884401648e+04
2.221002066754988482e+04
2.235214323730651449e+04
2.249560727556484926e+04
2.263924823138473948e+04
2.278178865091429543e+04
2.292184715768271781e+04
2.305795363137108507e+04
2.318856947688281434e+04
2.331211347297830798e+04
2.342699167017500804e+04
2.353163017587033755e+04
2.362451021054075682e+04
2.370420383003300594e+04
2.376940778884254541e+04
2.381897386545730478e+04
2.385193341429610518e+04
2.386751658034163484e+04
2.386516618644308255e+04
2.384454628905227582e+04
2.380554838353477317e+04
2.374829420895576550e+04
2.367313929044375618e+04
2.358067374499997823e+04
2.347172186698430232e+04
2.334734056180702828e+04
2.320881286719464697e+04
2.305763528607898115e+04
2.289550027722868981e+04
2.272427106981464021e+04
2.254595059905197922e+04
2.236264528319337114e+04
2.217652283706263916e+04
2.198976714166842794e+04
2.180453110467931037e+04
2.162289031882494601e+04
2.144679751117839987e+04
2.127804173145823370e+04
2.111821023952799078e+04
2.096865672101479868e+04
2.083047494774112056e+04
2.070447898247469493e+04
2.059119412791344803e+04
2.049085824320512620e+04
2.040343669847435012e+04
2.032865018214712109e+04
2.026601409347250956e+04
2.021488531914110354e+04
2.017451264783624720e+04
2.014408596567301720e+04
2.012278241919200809e+04
2.010980413581995526e+04
2.010440840916796878e+04
2.010592823499864244e+04
2.011378469912992296e+04
2.012749326984012077e+04
2.014666748441785603e+04
2.017102101356220010e+04
2.020036825779701394e+04
2.023462359271812966e+04
2.027379795037036820e+04
2.031799301353114788e+04
2.036739323427120689e+04
2.042225456430841950e+04
2.048289070633244410e+04
2.054965593982565406e+04
2.062292493134217875e+04
2.070307169134130163e+04
2.079044823964405441e+04
2.088536542961201121e+04
2.098807448206019399e+04
2.109875060981302522e+04
2.121747809221935677e+04
2.134423744438663198e+04
2.147889446829995359e+04
2.162119289590190238e+04
2.177074866277142428e+04
2.192704809601968009e+04
2.208944755217947022e+04
2.225717569007863858e+04
2.242933767228946817e+04
2.260492194198214929e+04
2.278280971036653500e+04
2.296178903500344677e+04
2.314057604311969044e+04
2.331784354886567235e+04
2.349225769507476798e+04
2.366252197338082988e+04
2.382742526056172210e+04
2.398589125582948691e+04
2.413702547306985434e+04
2.428015571632269712e+04
2.441486227540608888e+04
2.454099465266740299e+04
2.465867231782992167e+04
2.476826788799887436e+04
2.487037369067327745e+04
2.496575410220223057e+04
2.505528965825715568e+04
2.513991719259549791e+04
2.522057235378084079e+04
2.529813638656559124e+04
2.537339150859250367e+04
2.544698424898328085e+04
2.551939824292562116e+04
2.559093613989310325e+04
2.566171107586449580e+04
2.573164564260715269e+04
2.580047905255408114e+04
2.586777940838995710e+04
2.593295858765184312e+04
2.599528950883366633e+04
2.605392491719052123e+04
2.610791930606306414e+04
2.615625042768436833e+04
2.619784459819218682e+04
2.623160115796382161e+04
2.625641873692667650e+04
2.627121979389419721e+04
2.627497469232915319e+04
2.626672507306186526e+04
2.624560770877577670e+04
2.621088072111756992e+04
2.616195186235967776e+04
2.609840584752213545e+04
2.602003173637606233e+04
2.592684532433717322e+04
2.581910613989463673e+04
2.569732802897069996e+04
2.556228519428085929e+04
2.541501406621673232e+04
2.525681314219045089e+04
2.508924002517254121e+04
2.491410508735064286e+04
2.473345977843391665e+04
2.454957738637928924e+04
2.436492351269007486e+04
2.418211585273501623e+04
2.400387081841142935e+04
2.383293901482820365e+04
2.367203019385100561e+04
2.352373166717106142e+04
2.339042407639946032e+04
2.327420033474159936e+04
2.317679262499389006e+04
2.309951474793539819e+04
2.304321987210197767e+04
2.300827774951880565e+04
2.299456887967041985e+04
2.300149559879642038e+04
2.302800841827548356e+04
2.307264709452698298e+04
2.313359499325301658e+04
2.320874487915442296e+04
2.329577483976355143e+04
2.339222908724566878e+04
2.349560276357811745e+04
2.360342420509899603e+04
2.371333346321937643e+04
2.382315451000207395e+04
2.393095869058728567e+04
2.403511544000922004e+04
2.413433207242281060e+04
2.422767698449674936e+04
2.431458623813569284e+04
2.439485218250871912e+04
2.446859693236444946e+04
2.453623077299475699e+04
2.459840071455705038e+04
2.465593202617049246e+04
2.470976721462769638e+04
2.476090637077207430e+04
2.481035399810779563e+04
2.485907182556228145e+04
2.490794068792826874e+04
2.495772861648044636e+04
2.500906487188877145e+04
2.506241865918502299e+04
2.511808209275889385e+04
2.517615977827110328e+04
2.523656500265973955e+04
2.529902253800734252e+04
2.536308237385831671e+04
2.542814075152117584e+04
2.549346991335387065e+04
2.555825436738194912e+04
2.562163088120949033e+04
2.568272794756625808e+04
2.574070083090144180e+04
2.579475818824234739e+04
2.584417829149694444e+04
2.588831348771986450e+04
2.592658401690522442e+04
2.595846229118712654e+04
2.598345246519179273e+04
2.600106802230925314e+04
2.601081226204146515e+04
2.601216503930134422e+04
2.600457997688844989e+04
2.598749111941904266e+04
2.596033204978764843e+04
2.592256173701595617e+04
2.587369766697700470e+04
2.581334950814428157e+04
2.574125033235336377e+04
2.565728263771394268e+04
2.556149868461210644e+04
2.545413143614449291e+04
2.533560020962978160e+04
2.520650651399618800e+04
2.506762296917937056e+04
2.491987456545614987e+04
2.476431509891000678e+04
2.460210103309819169e+04
2.443446178608046466e+04
2.426267236806278743e+04
2.408802637792264068e+04
2.391181212133423833e+04
2.373529388684198057e+04
2.355970048078662876e+04
2.338622054391875645e+04
2.321600448778481586e+04
2.305017171768285334e+04
2.288981964967000386e+04
2.273603058509518814e+04
2.258987581341458281e+04
2.245241588493339441e+04
2.232469810160585985e+04
2.220775299816992992e+04
2.210259109797395649e+04
2.201020045763355301e+04
2.193154370383475907e+04
2.186755317658664353e+04
2.181912272908301748e+04
2.178709379415242438e+04
2.177223434269289646e+04
2.177520953736546289e+04
2.179654513337075332e+04
2.183658316134174311e+04
2.189543480419845582e+04
2.197293450759518964e+04
2.206860138748536338e+04
2.218161289189290619e+04
2.231079601545992409e+04
2.245463655714518245e+04
2.261130528314023468e+04
2.277870085163386102e+04
2.295450221086001329e+04
2.313622947733629189e+04
2.332130741226271493e+04
2.350712746713983506e+04
2.369110747153185730e+04
2.387074632026534164e+04
2.404367249269412423e+04
2.420768559163032842e+04
2.436079224134690230e+04
2.450123689460738751e+04
2.462752783650415586e+04
2.473846148824956617e+04
2.483314428112571113e+04
2.491101369901193175e+04
2.497185412728366282e+04
2.501580643106689240e+04
2.504336747860375544e+04
2.505537693202126684e+04
2.505298735851747915e+04
2.503762039285519859e+04
2.501090813636356324e+04
2.497462348074790498e+04
2.493060923303497111e+04
2.488070870517902586e+04
2.482670455608732300e+04
2.477026839611215473e+04
2.471292086611918785e+04
2.465600536656172699e+04
2.460067181153312049e+04
2.454787187993993575e+04
2.449836183943317883e+04
2.445271140050578833e+04
2.441131627112761271e+04
2.437441373802437374e+04
2.434210057217017675e+04
2.431435330025987423e+04
2.429105036393615592e+04
2.427199673368710137e+04
2.425694968135435920e+04
2.424564345410105670e+04
2.423781272964934396e+04
2.423321433785880799e+04
2.423164451955596815e+04
2.423295249413253987e+04
2.423704871317314974e+04
2.424390660853066220e+04
2.425355779264337980e+04
2.426607773082559288e+04
2.428156476732043666e+04
2.430011342304598293e+04
2.432178459498761367e+04
2.434657453049517426e+04
2.437438786385256390e+04
2.440501729908297420e+04
2.443813196305110614e+04
2.447327868255928843e+04
2.450989340645372431e+04
2.454732447883917484e+04
2.458486297240696877e+04
2.462177514841659649e+04
2.465733273107088826e+04
2.469083451060898733e+04
2.472161741824427008e+04
2.474905590350725470e+04
2.477255190568203761e+04
2.479151958775876483e+04
2.480536929904248973e+04
2.481349445284900867e+04
2.481526528804242480e+04
2.481002933542220489e+04
2.479711969691445847e+04
2.477587008144519132e+04
2.474563653913650342e+04
2.470582385785548468e+04
2.465591498742701515e+04
2.459549986633209483e+04
2.452430231096761054e+04
2.444220282999884148e+04
2.434925419935061291e+04
2.424569158035467262e+04
2.413193588981191715e+04
2.400859116062580142e+04
2.387643487220876341e+04
2.373640448061386269e+04
2.358957596137891233e+04
2.343713980569107298e+04
2.328037278565921588e+04
2.312060736271986752e+04
2.295920071713444122e+04
2.279750224491872359e+04
2.263682218169614498e+04
2.247840099898221160e+04
2.232337962985506965e+04
2.217277297916676616e+04
2.202744708999532304e+04
2.188810328559605477e+04
2.175526858585701120e+04
2.162929534555020291e+04
2.151036906470367830e+04
2.139852257861083490e+04
2.129365567638909488e+04
2.119555625654885807e+04
2.110391998966295796e+04
2.101836607963013375e+04
2.093844797824936541e+04
2.086366004907535898e+04
2.079344050199725825e+04
2.072717327338506584e+04
2.066419151827503447e+04
2.060378376100132300e+04
2.054520552075166415e+04
2.048769539578261538e+04
2.043049315942272005e+04
2.037285808638499657e+04
2.031408504393344629e+04
2.025351540296754683e+04
2.019054459329438760e+04
2.012462495888225385e+04
2.005526589609034272e+04
1.998203198924596654e+04
1.990454029654404439e+04
1.982245885239505878e+04
1.973550648486628415e+04
1.964345538813373423e+04
1.954613621499250439e+04
1.944344446635363056e+04
1.933534723139536800e+04
1.922188919951272692e+04
1.910319575120774243e+04
1.897947403524812398e+04
1.885101134673004344e+04
1.871817139779799254e+04
1.858138785219988495e+04
1.844115644980952129e+04
1.829802246820312212e+04
1.815256893411786587e+04
1.800540540670318660e+04
1.785716098397928727e+04
1.770848294837393041e+04
1.756003866278166970e+04
1.741252132250912837e+04
1.726665671804749581e+04
1.712321133947273847e+04
1.698300242633390735e+04
1.684691205605273717e+04
1.671590200783068576e+04
1.659103005647812824e+04
1.647346003758896404e+04
1.636446207439861973e+04
1.626539844469277159e+04
1.617769135430015376e+04
1.610277381817644164e+04
1.604202379889359872e+04
1.599668811771844412e+04
1.596780003897930874e+04
1.595609725735038774e+04
1.596194694147166956e+04
1.598528261439295420e+04
1.602555839451049542e+04
1.608172302321576535e+04
1.615221520497373058e+04
1.623498029909577963e+04
1.632751020864022757e+04
1.642690231019641942e+04
1.652993851522390469e+04
1.663318040248584293e+04
1.673307439670475651e+04
1.682606519738635325e+04
1.690871090975134575e+04
1.697779627396838987e+04
1.703043825204926179e+04
1.706417843145389998e+04
1.707705769772989152e+04
1.706766946297097456e+04
1.703519026221919194e+04
1.697938547742161245e+04
1.690059203717359924e+04
1.679967864830917097e+04
1.667798626500293540e+04
1.653725176090780951e+04
1.637951969069937877e+04
1.620704674344715568e+04
1.602220358371970724e+04
1.582737800338500529e+04
1.562488581995274035e+04
1.541689180247961303e+04
1.520534398308417803e+04
1.499192586941696936e+04
1.477802727088693428e+04
1.456473429587093233e+04
1.435283743796335511e+04
1.414285260962504071e+04
1.393505597320477500e+04
1.372952351150655704e+04
1.352617431078220943e+04
1.332481487589640710e+04
1.312517813638949156e+04
1.292695929393194274e+04
1.272984584513129084e+04
1.253354453590651792e+04
1.233780776972912645e+04
1.214246394875927035e+04
1.194745402339375687e+04
1.175287517320360348e+04
1.155902926748854588e+04
1.136647159985037433e+04
1.117605930620002982e+04
1.098899044451604095e+04
1.080683592376641900e+04
1.063155923157335201e+04
1.046551865694789194e+04
1.031145063503207166e+04
1.017243223051743007e+04
1.005182267059666083e+04
9.953189339872831624e+03
9.880223062409315389e+03
9.836646374666175689e+03
9.826119147097389941e+03
9.852140174939700955e+03
9.917945648449041983e+03
1.002640660569103602e+04
1.017992353101406115e+04
1.038032354272195153e+04
1.062876138625818567e+04
1.092563493868083788e+04
1.127051478840422351e+04
1.166210078245163641e+04
1.209820633626353811e+04
1.257577487473012116e+04
1.309092964528649645e+04
1.363905387931329824e+04
1.421489650152069044e+04
1.481269738019645229e+04
1.542632225770972946e+04
1.604940348682949843e+04
1.667547606805711621e+04
1.729810731799941641e+04
1.791101654928163043e+04
1.850818598303077306e+04
1.908395961026955774e+04
1.963313506036539911e+04
2.015104601474412630e+04
2.063363305534273240e+04
2.107750299468866069e+04
2.147997101034169464e+04
2.183908356123186240e+04
2.215361869928537999e+04
2.242306445390281442e+04
2.264757471383467055e+04
2.282790375862167639e+04
2.296532454844845051e+04
2.306153384348434338e+04
2.311855023041382447e+04
2.313861104394142239e+04
2.312407347898862281e+04
2.307732712667117812e+04
2.300072133715076779e+04
2.289651218485653953e+04
2.276683088221226717e+04
2.261367371689400170e+04
2.243891147789481693e+04
2.224431390377405478e+04
2.203158381214399560e+04
2.180239491854532025e+04
2.155842599196230003e+04
2.130138817786805521e+04
2.103304123201608672e+04
2.075520254272389502e+04
2.046974525919223015e+04
2.017859261059139317e+04
1.988370415462614255e+04
1.958705904860953160e+04
1.929063690852072250e+04
1.899639524474694554e+04
1.870624892986964551e+04
1.842205010246693564e+04
1.814556806305384816e+04
1.787847247784954016e+04
1.762231888234620055e+04
1.737853653441656934e+04
1.714842003793066760e+04
1.693312468209980580e+04
1.673366602036959375e+04
1.655092287620547359e+04
1.638564232744735637e+04
1.623844569550212873e+04
1.610983287745441339e+04
1.600018410923755437e+04
1.590975846913551868e+04
1.583868931941336086e+04
1.578697822771037318e+04
1.575448679237021315e+04
1.574092947396312957e+04
1.574586718127651693e+04
1.576870290125751853e+04
1.580867959402846100e+04
1.586487890373949995e+04
1.593622154468037297e+04
1.602146759620038574e+04
1.611921859059709095e+04
1.622792234456234473e+04
1.634588366908551507e+04
1.647128235383111314e+04
1.660219902058425942e+04
1.673664808114801417e+04
1.687261631821381889e+04
1.700810261582822932e+04
1.714115931337020083e+04
1.726992923424076798e+04
1.739267753916133006e+04
1.750781549199252913e+04
1.761391538440254953e+04
1.770971464471452055e+04
1.779411164721494060e+04
1.786615201565698226e+04
1.792500989798384035e+04
1.796996588916654946e+04
1.800038597283565832e+04
1.801570624045438308e+04
1.801542646148312997e+04
1.799911410328233978e+04
1.796641820112527785e+04
1.791709108193498469e+04
1.785101548161823303e+04
1.776823284806171796e+04
1.766897071858473646e+04
1.755366528932006622e+04
1.742297745396131359e+04
1.727780412854898168e+04
1.711928326344845482e+04
1.694879398649286304e+04
1.676795054635393171e+04
1.657859186908334596e+04
1.638276665863692870e+04
1.618271715303490782e+04
1.598086492742325390e+04
1.577979771915433957e+04
1.558225826214810513e+04
1.539112818123442594e+04
1.520940438668544266e+04
1.504016261494228456e+04
1.488650583344443839e+04
1.475149712887755595e+04
1.463808096012322494e+04
1.454899574965489774e+04
1.448668447343878506e+04
1.445320904181047626e+04
1.445017407685045328e+04
1.447866474291339364e+04
1.453920181900247189e+04
1.463171587953445123e+04
1.475554170867964604e+04
1.490943331087495608e+04
1.509159863165432216e+04
1.529975196103501003e+04
1.553118142504280695e+04
1.578282898924987603e+04
1.605138082504891645e+04
1.633336626901277305e+04
1.662526314423160147e+04
1.692360519315702913e+04
1.722508776865953769e+04
1.752666508538164999e+04
1.782563343960871498e+04
1.811969624014538931e+04
1.840700539863048471e+04
1.868618155381184260e+04
1.895630870041505113e+04
1.921690559129307076e+04
1.946787513418096933e+04
1.970943304776899458e+04
1.994202176034360309e+04
2.016621325513532793e+04
2.038260707096586702e+04
2.059172974094757592e+04
2.079394175741867730e+04
2.098935752970985777e+04
2.117778370133842327e+04
2.135868003826221684e+04
2.153114641837499221e+04
2.169393788980267709e+04
2.184550796148957670e+04
2.198407862533931257e+04
2.210773071941871603e+04
2.221450835221221132e+04
2.230252588466490124e+04
2.237006969043823847e+04
2.241568621395502487e+04
2.243825225448766287e+04
2.243702564196459207e+04
2.241167579389149978e+04
2.236229687377954906e+04
2.228940486392138700e+04
2.219392123321109466e+04
2.207714605245689745e+04
2.194072163314759382e+04
2.178658944175859142e+04
2.161694223672949011e+04
2.143417272916427100e+04
2.124082068738228554e+04
2.103952020635770168e+04
2.083294720013884944e+04
2.062376692597370857e+04
2.041458230933629238e+04
2.020788497529093365e+04
2.000601094847004788e+04
1.981110424307157518e+04
1.962509185140877889e+04
1.944967068860530344e+04
1.928630417446375941e+04
1.913622770648055302e+04
1.900045853565077778e+04
1.887980646844321018e+04
1.877488439547017697e+04
1.868611691136606532e+04
1.861374672105566060e+04
1.855783959449004396e+04
1.851828872594732820e+04
1.849481984253673363e+04
1.848699861222109394e+04
1.849423998916643541e+04
1.851582061263194919e+04
1.855089185404270393e+04
1.859849385337522835e+04
1.865756929588557250e+04
1.872697691797186053e+04
1.880550429254809569e+04
1.889188253686761891e+04
1.898480229933633746e+04
1.908293231638912039e+04
1.918494118320927737e+04
1.928952115812126431e+04
1.939541381493418157e+04
1.950143501035255031e+04
1.960649755000090590e+04
1.970963008955118858e+04
1.980999081382852455e+04
1.990687034026046240e+04
1.999968679992979014e+04
2.008796959304112897e+04
2.017133294453861527e+04
2.024944129360033185e+04
2.032197016194570460e+04
2.038856783184134838e+04
2.044882431035314949e+04
2.050225211779259553e+04
2.054828193538115738e+04
2.058627383596165600e+04
2.061554307759068615e+04
2.063539762576493013e+04
2.064518257306850865e+04
2.064432709443108251e+04
2.063239106178182556e+04
2.060910505549321897e+04
2.057440560609051681e+04
2.052846132272165050e+04
2.047168906106824579e+04
2.040475863453696365e+04
2.032858518925410317e+04
2.024431170299679798e+04
2.015328222761941652e+04
2.005700957624673538e+04
1.995713910554872564e+04
1.985541156335436608e+04
1.975362670618531774e+04
1.965360785039321490e+04
1.955716900713922951e+04
1.946608298375412778e+04
1.938205004298387212e+04
1.930666872767360474e+04
1.924140994563089407e+04
1.918759776719996080e+04
1.914639598834399658e+04
1.911880231509172518e+04
1.910564707349922537e+04
1.910759649951171741e+04
1.912515677265623526e+04
1.915867870834626228e+04
1.920836225393697896e+04
1.927425977102856632e+04
1.935627772520092549e+04
1.945417624029666695e+04
1.956756427106323099e+04
1.969589376042306321e+04
1.983845355091683450e+04
1.999436374473518663e+04
2.016257714651694187e+04
2.034188359966987264e+04
2.053092207114067423e+04
2.072819820556178456e+04
2.093210466299051041e+04
2.114094662452123157e+04
2.135296817749974070e+04
2.156637977315944590e+04
2.177938574926862566e+04
2.199021262474548712e+04
2.219713564995494380e+04
2.239850654080299137e+04
2.259277593956032433e+04
2.277851437072368935e+04
2.295442652121324136e+04
2.311936012710603973e+04
2.327230893773369462e+04
2.341241019670240348e+04
2.353893730482495084e+04
2.365128798318087138e+04
2.374896858534898274e+04
2.383157446145795620e+04
2.389876710891764378e+04
2.395024894088538349e+04
2.398573694860747491e+04
2.400493699940458464e+04
2.400752119557899277e+04
2.399311372761960592e+04
2.396128622905315933e+04
2.391157121403067504e+04
2.384349127447932551e+04
2.375660465133013713e+04
2.365056471987824625e+04
2.352518656636967353e+04
2.338051642797948080e+04
2.321689452877906297e+04
2.303500568251007280e+04
2.283590912447596929e+04
2.262104390125920327e+04
2.239220553266988281e+04
2.215149767196747780e+04
2.190125899681065130e+04
2.164397359757800587e+04
2.138216918447683565e+04
2.111831471269647955e+04
2.085472513548036659e+04
2.059348118956627150e+04
2.033636769781125258e+04
2.008483613089778009e+04
1.983998797302244566e+04
1.960257989888191514e+04
1.937304589269778808e+04
1.915153579915008231e+04
1.893796627767430255e+04
1.873207992448751247e+04
1.853350920815947757e+04
1.834184167595225153e+04
1.815667783276795308e+04
1.797768064947676248e+04
1.780460865500974614e+04
1.763733439208037089e+04
1.747584609824979270e+04
1.732023446179865641e+04
1.717066696851145025e+04
1.702735461614525047e+04
1.689051296264560733e+04
1.676031969113100422e+04
1.663687504818748494e+04
1.652016499909811682e+04
1.641003368167506778e+04
1.630616730196684512e+04
1.620809181548802189e+04
1.611518750811113932e+04
1.602671812751013385e+04
1.594187556792874420e+04
1.585983688141890707e+04
1.577982979482944575e+04
1.570120048486331143e+04
1.562347949992737631e+04
1.554643886948158979e+04
1.547013647519014012e+04
1.539494366328917931e+04
1.532155306522325191e+04
1.525096466263116235e+04
1.518444962521172783e+04
1.512349338284976693e+04
1.506972174233773694e+04
1.502481516712941993e+04
1.499041869528771713e+04
1.496805306194429613e+04
1.495903469753503850e+04
1.496440977591969749e+04
1.498490765963684680e+04
1.502091415577375119e+04
1.507246937813854493e+04
1.513928547515685386e+04
1.522078249568468345e+04
1.531613823631481318e+04
1.542434411726893450e+04
1.554426396182411554e+04
1.567468795904288163e+04
1.581437809020078384e+04
1.596210155277188278e+04
1.611665050908142621e+04
1.627685068517580476e+04
1.644155859247354965e+04
1.660965556586270759e+04
1.678004046170085348e+04
1.695162768381062051e+04
1.712335275340219596e+04
1.729418777125781708e+04
1.746316585332830073e+04
1.762941180011183678e+04
1.779217491973671349e+04
1.795085904836658665e+04
1.810504541229812457e+04
1.825450404601232731e+04
1.839919498971571738e+04
1.853925660068106663e+04
1.867498466090332658e+04
1.880680364756357812e+04
1.893523263934659917e+04
1.906084904037184606e+04
1.918425226835276044e+04
1.930602982586945654e+04
1.942672752149970620e+04
1.954682550574297056e+04
1.966672038097807672e+04
1.978671624923876152e+04
1.990701914187232978e+04
2.002773939517022518e+04
2.014889666331946501e+04
2.027042724623652975e+04
2.039219204735760650e+04
2.051398380546675980e+04
2.063553324571905614e+04
2.075651443477251814e+04
2.087654723632622336e+04
2.099519829238405509e+04
2.111198027560000264e+04
2.122635333909648398e+04
2.133772679588167739e+04
2.144546546397027851e+04
2.154889880252566218e+04
2.164733366802028468e+04
2.174007045077916700e+04
2.182642142588095157e+04
2.190573068459049682e+04
2.197739211245884508e+04
2.204086317869725099e+04
2.209567257456758671e+04
2.214142177463031112e+04
2.217778234531811904e+04
2.220449401213621604e+04
2.222136340519352234e+04
2.222827083012966978e+04
2.222518349104977460e+04
2.221217535688216958e+04
2.218945138908223817e+04
2.215736977236897656e+04
2.211646332759653887e+04
2.206745428302956498e+04
2.201126189445365890e+04
2.194900075668372665e+04
2.188196995000627430e+04
2.181162768985314688e+04
2.173955576569627738e+04
2.166741025623117093e+04
2.159686203913438294e+04
2.152952757379688046e+04
2.146689624562245808e+04
2.141025877695622694e+04
2.136064302888242310e+04
2.131876265513175167e+04
2.128498293418452158e+04
2.125930697149126354e+04
2.124138228049065583e+04
2.123052737385604996e+04
2.122577403487315678e+04
2.122592324346907481e+04
2.122960809093814169e+04
2.123536327455482024e+04
2.124169779513486719e+04
2.124716331200935747e+04
2.125041903626142448e+04
2.125028544728792622e+04
2.124578861673341453e+04
2.123619065756573764e+04
2.122100911814917708e+04
2.120002198830652560e+04
2.117326004755818212e+04
2.114098478816025454e+04
2.110365244924841681e+04
2.106186574929213384e+04
2.101631492456546403e+04
2.096771232978378612e+04
2.091672427568103012e+04
2.086390396850601974e+04
2.080963174938532029e+04
2.075406505524202294e+04
2.069710364533248503e+04
2.063837316000431019e+04
2.057722906173204683e+04
2.051278158242972131e+04
2.044394028136350244e+04
2.036947603763826919e+04
2.028809516250060915e+04
2.019852262489794521e+04
2.009958985233778367e+04
1.999032120039797883e+04
1.987001376615458867e+04
1.973830490761956753e+04
1.959522237449856766e+04
1.944121370738906262e+04
1.927715301137886127e+04
1.910432428627727495e+04
1.892438221577585864e+04
1.873929147565501262e+04
1.855124770380987684e+04
1.836258413007999843e+04
1.817566892753069988e+04
1.799279898263209543e+04
1.781609573581894074e+04
1.764740988840070349e+04
1.748823764258841766e+04
1.733965415160448902e+04
1.720226714465142868e+04
1.707619088222034406e+04
1.696104151528774310e+04
1.685595278830257303e+04
1.675961019733584180e+04
1.667030034130882268e+04
1.658597389332629609e+04
1.650431708119006726e+04
1.642282905189460507e+04
1.633890155011272327e+04
1.624989777987916750e+04
1.615322768927991274e+04
1.604641736356677211e+04
1.592717048813316433e+04
1.579342175081829373e+04
1.564337853105207796e+04
1.547555388981238866e+04
1.528878864293911101e+04
1.508226356136154573e+04
1.485550224095724661e+04
1.460836558678668553e+04
1.434103885650401207e+04
1.405401226473860515e+04
1.374805648993662908e+04
1.342419416732832906e+04
1.308366863451994504e+04
1.272791026289673027e+04
1.235850281330812140e+04
1.197714924952509864e+04
1.158563847957348844e+04
1.118581343198061040e+04
1.077954115763109439e+04
1.036868523542383991e+04
9.955080906297876936e+03
9.540512767317166436e+03
9.126695772747427327e+03
8.715258961619992988e+03
8.307732048964368005e+03
7.905535316932521710e+03
7.509971479649140747e+03
7.122220222411482609e+03
6.743336041728093733e+03
6.374245873900526021e+03
6.015751384592547765e+03
5.668530888097935531e+03
5.333142920154020430e+03
5.010031452293231268e+03
4.699531745079330904e+03
4.401877338676239560e+03
4.117206391385731877e+03
3.845569925511304973e+03
3.586939104429095096e+03
3.341212986924102552e+03
3.108226434716299536e+03
2.887757579702325984e+03
2.679535104478956328e+03
2.483245505795110603e+03
2.298539467102491471e+03
2.125038425835227827e+03
1.962340091130295832e+03
1.810024264385760944e+03
1.667657525857117434e+03
1.534798066779747387e+03
1.410999227036427783e+03
1.295813670808839561e+03
1.188796390993014711e+03
1.089507357215950378e+03
9.975142002941715873e+02
9.123941079782733823e+02
8.337356457223397683e+02
7.611402160609723069e+02
6.942230009584678783e+02
6.326139576853689732e+02
5.759587220200795628e+02
5.239186309761278153e+02
4.761711896592642006e+02
4.324102880296799754e+02
3.923459402121112589e+02
3.557041874704339079e+02
3.222269429326469208e+02
2.916713965759927305e+02
2.638098098542677121e+02
2.384290484431317054e+02
2.153298190653134156e+02
1.943261366225380016e+02
1.752451337565391327e+02
1.579259760495245644e+02
1.422196872261099259e+02
1.279878708647298282e+02
1.151028699506798461e+02
1.034467239350807972e+02
9.291043998588047259e+01
